,otu_1,otu_2,otu_3,otu_4,otu_5,otu_6,otu_7,otu_8,otu_9,otu_10,otu_11,otu_12,otu_13,otu_14,otu_15,otu_16,otu_17,otu_18,otu_19,otu_20
sample_1,0.0538908267114355,0.115212860367929,0.0526108214482436,0.0136279986438731,0.0115554652933108,0.0312571701363889,0.0639351643376979,0.0202591170785727,0.00274670142880565,0.0540872596645309,0.210112119895586,0.00469409351544361,0.0795189323238717,0.0490667868770669,0.0243692146445924,0.0862237548759258,0.0238372870408861,0.0491809479028461,0.0217700301500115,0.0320434476629814
sample_2,0.019539677497374,0.00113788751079756,0.04249922627639,0.0366058737095737,0.113795012270405,0.106490888271746,0.0266829241875564,0.0787675059856507,0.0509405569431112,0.0261604184528147,0.066624942315629,0.0342935622011487,0.0436085289383185,0.0506183098911129,0.0281382478594033,0.0772966156597718,0.0593712935621083,0.0438799797120602,0.0725052002867131,0.0210433484683158
sample_3,0.00650512591161394,0.049501145857275,0.0465800181743063,0.0182076359672308,0.149699052937022,0.0177349962527862,0.230150652073648,0.0548729569279697,0.00589410876126413,0.140753044547213,0.046162470963493,0.0139632105566359,0.0812728356794225,0.0130032308761653,0.0633242429448399,0.0264631135848322,0.00572885875328039,0.00825273277820822,0.0148540146374707,0.00707655181532216
sample_4,0.00695898311882169,0.0259896034449936,0.037738901362617,0.0588459972605419,0.0450214393616768,0.00312325586470383,0.0234422350052899,0.0313862900746393,0.0542396166256015,0.0930687375460018,0.051576888420012,0.206575340984813,0.0240089723244751,0.00618035031553272,0.0194039918350803,0.0235380201590729,0.104118567204474,0.0152299395819934,0.14526108174881,0.0242917877608491
sample_5,0.35065714662532,0.0125947408090109,0.0247963591423909,0.0321714432610806,0.087625817771927,0.0256082282290746,0.0391614374417505,0.054243327787088,0.00734202040596623,0.0356586833924505,0.0289557451420052,0.00737532615989401,0.05066578376432,0.0504197522706015,0.0297508151702196,0.0525893687876052,0.038407257170452,0.0121097412268981,0.0309477815491448,0.0289192238927998
sample_6,0.00988851553183713,0.0170909352226526,0.0156895693361908,0.018155701880222,0.0205094279461083,0.0371169602225853,0.0203312299799181,0.02064305287427,0.0796957243823124,0.017229343259135,0.0247798602559224,0.0196242671300856,0.0293270222714027,0.00936838490149929,0.0342164829051081,0.45671880333634,0.00994550360217267,0.0218341017367987,0.0498537173207848,0.0879813959046539
sample_7,0.10646127640663,0.00777456516928905,0.0216302908279432,0.0365472870489351,0.0237167863968355,0.0275230888934343,0.0387399998466222,0.00548883891882758,0.0818394603601806,0.0208160451714604,0.0185149514266004,0.0177837475554784,0.0255528376069027,0.00761996930292486,0.00875339682975583,0.017659581019005,0.0232568973321905,0.0651708696989491,0.0751109054081484,0.370039204779886
sample_8,0.0100934455436681,0.0175115006589937,0.170074792446904,0.0358373661121061,0.0333043424813309,0.0137965476786871,0.0640897441778639,0.0948280953862277,0.0116260681589895,0.0569727701762071,0.0705121004268146,0.0214216429764046,0.0640684098037616,0.0365674795510033,0.00747642772039879,0.0197855461474994,0.0306588365085874,0.0513218603069302,0.0311878689872187,0.158865154750403
sample_9,0.0352299944953999,0.0450307417756277,0.0225767257767954,0.0324122344595945,0.0135856954009377,0.0164111948730721,0.0280197214515246,0.00953492716410803,0.0290245983334187,0.0282691491038824,0.00999982566641172,0.0119686142778054,0.0978038498828882,0.0489627829754584,0.0348111533179207,0.386204213041961,0.0455337416707044,0.0660438706134395,0.0265858861972583,0.0119910795217913
sample_10,0.110890334989058,0.0441074423393069,0.0143983980547939,0.0222470658173908,0.0731799773520484,0.0294758176908496,0.202246975501273,0.0142269958000287,0.00977473891410174,0.0537821050389607,0.0281197399026956,0.00844698229540924,0.0229240731955306,0.0212340472094607,0.04578287591071,0.0928934813740177,0.0290953165134045,0.0337596889915627,0.0926013370373204,0.050812606072077
sample_11,0.0390789862917371,0.0562573884935297,0.0136407959492709,0.0130960863508613,0.0539455772669621,0.091249830145365,0.0570664955869137,0.178981130909272,0.0174346068077863,0.0584643316836538,0.0313325673776472,0.0405139835771182,0.0299436062579635,0.0779323684275838,0.0359363191531811,0.0310227062539395,0.0211566044114568,0.118925882013834,0.00896098817341712,0.0250597448685067
sample_12,0.015389570100095,0.00792918477734999,0.0220220502682856,0.00940477715834042,0.00989119854996273,0.0221348889193785,0.0337344266922959,0.0181250301266776,0.00852067942576667,0.028574875823769,0.0431224318442034,0.033238313687345,0.547240840427894,0.0829302200820056,0.0111189836937187,0.0154371562666701,0.0442491772265151,0.0217106459823342,0.00541447729331346,0.0198110716540792
sample_13,0.0803987947704061,0.0367304984189382,0.0469487790730873,0.177087805511059,0.0266391443706156,0.0397819565663531,0.0198725174644017,0.0231656486487446,0.0663259607144196,0.090131725354264,0.0183303001873141,0.10393547327497,0.0225049833997706,0.00872990457986492,0.0661756040742164,0.0511475948935509,0.050874594634902,0.0184386511999148,0.0436612368937911,0.00911882596941637
sample_14,0.0102290095277308,0.097967008913536,0.0618175736600791,0.0944355235525842,0.104979058629708,0.0106203771156277,0.0293141047916932,0.0625408465923684,0.0135939762448758,0.0353498431378417,0.0165534658903631,0.058117553396437,0.113339160331755,0.0339257435404092,0.0258012893327567,0.114479915014126,0.00847154809985544,0.0407068423300422,0.043867525273017,0.023889634625194
sample_15,0.130410325140002,0.10487534644848,0.042148798904478,0.00652549260638455,0.0193085680106283,0.0278041073144197,0.0474907152283214,0.0339950491959083,0.020619319645886,0.0820708726767917,0.0254552337431134,0.00828101522127397,0.00176395049083897,0.0272209679964914,0.262120124555312,0.0143234955688923,0.0074969489310706,0.0210231111004796,0.038525282213193,0.0785412750080347
sample_16,0.0596033332811059,0.0305590830486554,0.054377840385524,0.0411717873399262,0.0812476592515309,0.101005220495282,0.0270294096122525,0.0160650351252176,0.00834543406245654,0.0641458635092099,0.00994987835899463,0.0431683063293385,0.0236661069341796,0.0241388435597632,0.056600824536938,0.162280912176551,0.0563733682240824,0.00655718939185487,0.0767666452410054,0.0569472591361316
sample_17,0.017455231687979,0.118202124798477,0.0596900725952588,0.0202393002317459,0.011284743700777,0.151477622895648,0.0153642934319319,0.0384585212615238,0.00784364891259167,0.151687735051268,0.101272525354696,0.0585799477059281,0.0165408942301189,0.030654931339538,0.0194271559368197,0.0168708066577992,0.104648280770533,0.0244599549237396,0.012804109560456,0.0230380989531702
sample_18,0.0514609421415889,0.0479368930716895,0.0209890200397849,0.0574507091388659,0.00582279376869698,0.0298548527787874,0.12972159318903,0.0510388169844045,0.0167046474650034,0.0221336723062663,0.00988850553021758,0.0143967551982507,0.0765705050680563,0.05930876009746,0.0136319509510574,0.200636864064444,0.00543908224916028,0.0681988789824168,0.0979882818879968,0.0208264750868218
sample_19,0.111136904968385,0.165148234008259,0.0424516746553171,0.0412528442781439,0.172657408514493,0.00588835407960829,0.00640854952340972,0.00827402576804156,0.0371389897562774,0.0133439158359398,0.0182922335843755,0.00687047642025142,0.00303835211543664,0.0368048340309628,0.0296034797608755,0.203398399186321,0.0272921592885114,0.0204109241672065,0.043664317497124,0.00692392256106137
sample_20,0.0311330092143748,0.0259196013694155,0.0171922692840971,0.0911071506986255,0.0281229353920986,0.0403576108281767,0.0399050899032081,0.0931188013058162,0.0926400181444881,0.119245809850973,0.0425940657609215,0.0222562155044661,0.0280020114384153,0.014003745808592,0.023821858585716,0.0335345502038642,0.0481640319542261,0.06655978124042,0.0269732543310148,0.11534818918109
sample_21,0.0371691547697858,0.138049687882865,0.0195663912693503,0.0482974658147515,0.0979171687645092,0.0114094362251219,0.026197710996573,0.0132419187785761,0.154905848582027,0.00844288732307396,0.016252950224847,0.00816082586488135,0.0776570542049385,0.0428720539475286,0.0202856850104745,0.139440016517591,0.0340090653342484,0.0578370667661898,0.0149201509853875,0.0333674607372802
sample_22,0.0245600682014251,0.0511143369511785,0.0253112643441423,0.0362892873024851,0.0195646854280567,0.0140535788346172,0.0956367173293887,0.0176487987863774,0.0485976836529671,0.118336321210203,0.0175406301507351,0.020692558730313,0.185110532229356,0.0044109619923746,0.067326939047214,0.0230127256174136,0.0328299787551958,0.0292686798917918,0.125191309444815,0.0435029420999491
sample_23,0.014510991790758,0.00505065879370196,0.105194631329453,0.0143958609939925,0.0120673578156651,0.0338683723169644,0.0145664538937603,0.0360111907591412,0.0122372010362969,0.015623939108818,0.0119524013220527,0.197442399076638,0.031581446156305,0.0125896877746415,0.0502758254765513,0.0801487884657794,0.0792468242652783,0.190368095166917,0.0365455284763665,0.0463223459809192
sample_24,0.00577377374741586,0.298156368104977,0.0449135396391568,0.0191092122595165,0.0181725086354076,0.00874918078843434,0.00575635740130011,0.104795801269674,0.0356584314992291,0.0409271547235034,0.0159397322574202,0.057478854553351,0.00827822811151564,0.0811175001353419,0.0109121679223298,0.164315376651162,0.00391127746512764,0.0156767349644126,0.0123629003548361,0.0479948995158886
sample_25,0.0149572729940108,0.0232693458599909,0.06375700709609,0.0269828981180581,0.098835430040138,0.0485601696663977,0.0476798195232649,0.0581203193635736,0.0635864770883932,0.0227400681093105,0.155375364643841,0.0393741401841984,0.0449851947063478,0.0546233125515701,0.00950056942864859,0.0715777224296464,0.0286776295108949,0.0290724319481822,0.0411178616084925,0.0572069651289504
sample_26,0.0278395698657762,0.0262717238118589,0.00497327015044917,0.00472423670332778,0.234555523212625,0.0526033147021377,0.0678187022711138,0.0134808169591583,0.00926845442121513,0.0101118412790847,0.157164576210118,0.038778163457836,0.0204382488732299,0.0250860632104269,0.0565431486399618,0.0472933788291354,0.0372538457060332,0.0221825461593452,0.0940889114310504,0.0495236641061165
sample_27,0.0117663984539622,0.100299091431657,0.0196529235863801,0.0464778819421216,0.0199759178481065,0.0127955186649112,0.0113724077549701,0.106840456647829,0.0173919278343667,0.0764306770282246,0.00237019712122883,0.106604301813218,0.0203299761066103,0.0999910327514219,0.144063914960674,0.0219655309028932,0.0245794580271909,0.0191620529119527,0.0217648117597381,0.116165522452544
sample_28,0.050299827711137,0.0105945217439499,0.0127272011470878,0.0149836333492863,0.0603512291427384,0.0811714866942417,0.0646219974980192,0.0352014338381844,0.029439205740332,0.224323715189492,0.0309889685016694,0.0243896269940823,0.0101219621043236,0.0676604552351595,0.00434060846194436,0.0197364297023072,0.00418901211467459,0.060131057709596,0.00423409850423344,0.190493528617541
sample_29,0.0345623507086493,0.0685171380255175,0.0530370107603328,0.0889020123460883,0.0273890252153276,0.0286380520624509,0.0723249555849149,0.0443404976095998,0.0164447117902537,0.0378475925404478,0.0583627511203389,0.0768723265203474,0.0351095636876287,0.0281971812623288,0.174900914582178,0.00320877451374556,0.0415571109051926,0.00246647263225173,0.0603000722185507,0.0470214859138554
sample_30,0.0122650436758733,0.00948519085742852,0.0526853268437279,0.0182506512348372,0.0311112411061886,0.103459284702915,0.0407774040949892,0.126290865098611,0.0162802886018265,0.102836789326835,0.131889527198523,0.0356653468107759,0.00720514221423166,0.0256774856684887,0.142839548312069,0.0272698808606258,0.00899746778660543,0.0405304710365749,0.0362947610729389,0.0301882834959353
sample_31,0.00875172513677757,0.0590378592811014,0.00682227768131951,0.0992017180069318,0.0561181365575037,0.0538977087000059,0.0266569293176078,0.113186732973781,0.0285700384928712,0.019227080726689,0.0813427807247852,0.0178261940161304,0.0205233250861106,0.0152534435443433,0.0887429558384268,0.080355358530843,0.0254818923037423,0.0305109081246591,0.0495219472897622,0.118970987666608
sample_32,0.0735433068283357,0.0468371476434695,0.00869501835232706,0.106198998059859,0.125728733923588,0.0361976553205495,0.0162483373061426,0.0109584096102864,0.239708277244527,0.0105023990203654,0.0217143955656878,0.0233008330364741,0.0190731647837991,0.00813495243271859,0.0556498092655727,0.0614207496175186,0.0823567380096887,0.0140072764051856,0.018303873018949,0.0214199245549553
sample_33,0.0634856149586607,0.0719651249075563,0.0120531192095694,0.0117820033856142,0.0803227474776377,0.0216059616885938,0.0573240907272436,0.0672856775528343,0.232103599995767,0.0972152488830707,0.0356252386337539,0.00654905706316652,0.0263177797115283,0.0168895779242213,0.0371258269997438,0.0209226173622538,0.0328598858307923,0.0579912028108937,0.0135476738239051,0.0370279510531933
sample_34,0.0251035137605801,0.013483536279389,0.0340040762372911,0.110857192522073,0.0799618070882853,0.0257197162271235,0.0142888729435168,0.0175556530143342,0.030744673295305,0.0140442736462534,0.0604617269171338,0.0120948489260237,0.0104705211633447,0.0317881761168069,0.0142990926681662,0.0489030006235178,0.0224827002720698,0.0220568793014702,0.379167801316697,0.0325119376806182
sample_35,0.0367763066128185,0.122471655465269,0.0262617487067252,0.0116594591765915,0.0108390471085402,0.0188367433792038,0.0653304623547383,0.0375976823267546,0.0336853447669581,0.0194687157573716,0.158398366755088,0.0671157801820794,0.021825183586407,0.0684673892051823,0.0186234055463,0.0773069525911902,0.0482579763113838,0.00815956110398266,0.142287922019083,0.00663029704433273
sample_36,0.00542014441651198,0.0249822933183834,0.030238227425641,0.0848494884937386,0.00581025972197423,0.0410637486669102,0.0598406841120922,0.0101792735949898,0.341632276757488,0.0514540064495763,0.0188898186350743,0.0346244120058707,0.069476070689781,0.0548800507604037,0.0262772370646565,0.0055468084248831,0.0110414946721141,0.0242791157421954,0.0452973155725951,0.0542172734751202
sample_37,0.0335595958296358,0.0749785788366619,0.0419354298028245,0.0603332182194876,0.218729210923028,0.0122299444868547,0.0224445878786972,0.098064054036761,0.0568285604273117,0.00974383373967068,0.0473255050684307,0.0546166078692233,0.01568781217515,0.0723661338356304,0.0140764912632907,0.00674550207231308,0.0165809420024969,0.0130315326149715,0.108035521650761,0.0226869372667994
sample_38,0.0994655513637175,0.0377422271389161,0.104463353688706,0.0103181864979948,0.0163815485296445,0.0079697694311896,0.136161780646298,0.0706851457623856,0.0310487254444132,0.0282171233526762,0.0360745948386991,0.069987871274551,0.00631340651651187,0.0417757236679159,0.00553910323075364,0.0105933748832313,0.03519735301319,0.0474486719741893,0.194276023539393,0.0103404652056238
sample_39,0.00645327627867765,0.0144574515289825,0.0132417841654794,0.0171311477592994,0.0518549172780331,0.0757955133221107,0.0201540233649105,0.0150131536693182,0.0174286513966935,0.0835592123857497,0.130267390218323,0.0335175528240329,0.00207694344349018,0.238515121263515,0.027090944925539,0.0532321807013676,0.0764169264114125,0.020477889711943,0.0846428479159871,0.0186730714351351
sample_40,0.0104604486215926,0.141106721007871,0.169198152782183,0.0125991741279992,0.0359639828001964,0.0289365228883187,0.0486771568130831,0.0419319088202552,0.029482155540448,0.0326159369521941,0.0203573924325858,0.0450752705295672,0.0982314806448059,0.170176595865065,0.0133000036706738,0.0146496878485492,0.0208983525115721,0.0116340678431538,0.0211677343086201,0.0335372539912656
sample_41,0.0175126823142786,0.0163096331898997,0.0859186358865143,0.0271922793791092,0.0168719713239314,0.0125058939193632,0.077314516635135,0.0601114720544768,0.0158783280176522,0.0116796969383624,0.0770645612277119,0.0557285435688798,0.0861144162789598,0.0324570555999331,0.00588530616003412,0.0985775380721365,0.133236370863204,0.123899682222684,0.0114936069858027,0.0342478093619301
sample_42,0.0129576207011427,0.00753015232419405,0.0541365419615501,0.0873733105414208,0.0272261885252658,0.0358177630678871,0.144696938859003,0.0962060981811139,0.0229564562046252,0.0025034064384399,0.110748583540822,0.0993837078561929,0.0226883130992255,0.0901674344188284,0.0467193431106298,0.0183008613423622,0.0140423195675194,0.0309001394797428,0.0377236406276554,0.037921180152379
sample_43,0.00747936077727607,0.0655999359735331,0.0461032805876346,0.0289531015797579,0.00996320130554604,0.0562419703920269,0.0365318730085442,0.0646987244155499,0.065229636875384,0.0673306993390071,0.0167312066925405,0.0802169486874995,0.0230097635298088,0.103627280794583,0.00204131195131666,0.0327493246036579,0.054103360712912,0.0245318672605976,0.19829101477636,0.0165661367364642
sample_44,0.00592540093673492,0.0230455373785263,0.130099395872485,0.0251458218050161,0.0329712034938729,0.0449940853442609,0.069185089186097,0.0273696257212703,0.15046579204812,0.0294241654575288,0.0438030152717736,0.0433419621941375,0.0965834294424997,0.0298364522515176,0.0101023910430684,0.00476228876599871,0.0151621574719269,0.135152490834609,0.0083657504690245,0.0742639450115326
sample_45,0.145721430749637,0.0182807348781045,0.00648655832545021,0.115104322067682,0.0261774727236482,0.0185979430504746,0.0643567776406326,0.00964754738988438,0.0159264231460571,0.00791432637505166,0.00776875357921624,0.00809456789288659,0.00576661163612348,0.0256030918880362,0.435172554079278,0.0027023343238723,0.00930914393963267,0.0640392702435249,0.00519720096138162,0.00813293510942614
sample_46,0.0199051086604208,0.0211190444339606,0.0416811163429231,0.0732428753758049,0.0710047097026455,0.00402698037715621,0.0543569899205356,0.103874374426658,0.0129115952128856,0.0585450063637008,0.0276190134266742,0.0055566682592091,0.0482196021088381,0.0585524334207765,0.141648782172114,0.0247096586383329,0.0495888834274873,0.101368588240509,0.00864695147815158,0.0734216180112166
sample_47,0.0460821807229693,0.0216382251244349,0.0693500802781783,0.0148511275070527,0.0110867665801159,0.310730025068686,0.0356878121077604,0.0345883201373534,0.0158787075127204,0.0277141937136393,0.0615064580605357,0.00709504077204227,0.0913527722238048,0.0195628022198114,0.0452497262003733,0.0184664802168429,0.0478054495645295,0.0157343440841079,0.0906052566978043,0.0150142312072374
sample_48,0.0255136891324604,0.057992548476589,0.0268379709852944,0.27730737775554,0.0113562497948603,0.0314964636022191,0.0480027657665308,0.0203085375303535,0.053722479460532,0.0116650806715312,0.015286429372095,0.0221429038197701,0.0160405363458454,0.0659773458988476,0.0347168292268409,0.00693101488001288,0.0428238044530115,0.00950618094401817,0.136339798784573,0.0860319930990741
sample_49,0.0640684410452757,0.0218166314693112,0.0111502201653965,0.0264704347645468,0.00294110657660351,0.13370091718556,0.00933762941191047,0.0724529788107356,0.0388191513686026,0.0195441474001542,0.0171984470092669,0.0419542845204593,0.0367472007532846,0.00279019676356893,0.022197714605251,0.109526449514641,0.0386380081896707,0.033533213553575,0.137011175516198,0.160101651375988
sample_50,0.0105141161317262,0.0111167604396163,0.0572659797286185,0.0699820413519513,0.0607808363372033,0.0404545038929602,0.212345740323748,0.0356594897902316,0.0299664942022786,0.0410524629153648,0.0149079642423299,0.0140984106826163,0.145255549583842,0.042521851081892,0.0544682400093387,0.0111300352249899,0.0266788224152094,0.0453089451854909,0.028978865008708,0.0475128914518844
sample_51,0.00703572679277861,0.0177410031280446,0.00683086278331511,0.0549951120660935,0.036449145415312,0.0113618831425598,0.146626078068775,0.0527001839121565,0.0460282912799875,0.0742112734498752,0.0614993493561841,0.163229681515836,0.0280792553359282,0.0386538756723942,0.0534110787284735,0.0471404924810821,0.107106473950766,0.0279956297200863,0.00635182529131627,0.0125527779090356
sample_52,0.0204743163248144,0.0338072964151976,0.197260905600875,0.0851004771087966,0.132418015535605,0.0316940846331606,0.0658411826179382,0.00387411181240316,0.037419770654286,0.034036575562081,0.0527482270099089,0.045303627769597,0.00832792025341525,0.00655501677292247,0.0121602108385348,0.0268618014117664,0.0176129978033622,0.0525897926050824,0.101514180810541,0.0343994884597118
sample_53,0.0180084118403645,0.0334932612214229,0.0634910311511106,0.11515730390329,0.0644084341754929,0.0444253658740654,0.0292329314611252,0.0734495644894318,0.0267166377310981,0.0152473745971622,0.0303744229833312,0.0277211350536921,0.082666672701179,0.0070186636588628,0.0192004605392239,0.0628964381133222,0.0666560648995869,0.0105314003123794,0.0741525542569423,0.135151871036916
sample_54,0.0410096322764751,0.0224390651258493,0.0275499833885564,0.100636321792255,0.114415005291539,0.0380597881191422,0.0758678745443752,0.00751052766180272,0.0204711324977409,0.0272430879890727,0.0605619700801846,0.114209572246546,0.0503467762521671,0.0751062517561897,0.0475833768230789,0.0213237657122983,0.0802114841034349,0.0171336106130088,0.0449711983957909,0.0133495753304918
sample_55,0.0376836053745645,0.0152570977888785,0.024088775772348,0.0123475217574283,0.0398048364265199,0.02129536883223,0.0570565098323516,0.0422300252280381,0.0179756372404387,0.154224941317757,0.0747571563895258,0.0226516985444576,0.156605506532094,0.0134498685173703,0.197534642447848,0.0111328912373318,0.0220731489881023,0.0194917440370797,0.0396186298985553,0.0207203938370804
sample_56,0.0768050242959489,0.0127443629926063,0.0129384961345322,0.0134855724775308,0.0976644015840828,0.0336214550694797,0.00907302686378431,0.0718060365443644,0.0377634054218636,0.00177775252204164,0.099391087160212,0.0143832237054279,0.0370844862060872,0.0341045929081994,0.102857235986539,0.00905349820246834,0.0320371691267355,0.210455348686883,0.0601339841229145,0.0328198399882986
sample_57,0.0355192513669085,0.069283458890973,0.00333960676632767,0.173350411142576,0.0671086186226989,0.00985030689471583,0.0188148298593385,0.039191728977788,0.0396473298839864,0.0200802978369348,0.0137937189989666,0.0695033684921218,0.00533173873262646,0.0213229821805332,0.161532751626635,0.085652757808217,0.0816715269822055,0.0237287906243887,0.0288024975382716,0.0324740267737859
sample_58,0.0392131684169276,0.0312189699204028,0.133702423833308,0.036380107248313,0.0162554823013341,0.169557364806191,0.0388690821232067,0.073395085354422,0.00298413773818179,0.0182436192699324,0.0412564011469898,0.0314516725007227,0.0300414185132486,0.051129325225174,0.0341374504997641,0.0323320332077868,0.0086714241969054,0.0691467883330042,0.104748425280276,0.0372656200839086
sample_59,0.0357641383084876,0.0582389789420343,0.015138811604361,0.00641034894166115,0.0689467379798787,0.0529556739519776,0.183238740234391,0.0466478176662724,0.0100141130685552,0.0465637045013857,0.12319383640428,0.0194058765104958,0.0476840476800547,0.006138168399103,0.0608020651317472,0.0252583280005439,0.0320068491183192,0.00417561298113779,0.0346550536911342,0.122761096884179
sample_60,0.0858833988012543,0.321699332449125,0.0264449351076833,0.00585092718033915,0.0622085262658131,0.0176509555855704,0.00302045783276953,0.0202282347636248,0.0745092676139143,0.0186355105152818,0.00768404543537034,0.0464429747328915,0.0590299122671001,0.00976967278340437,0.00971119825983821,0.0241857262296904,0.107467315934981,0.0511885546001522,0.0361381373252276,0.0122509163159685
sample_61,0.055283810711712,0.0679512704121724,0.00504752434151666,0.112406080959873,0.100567523789495,0.0176907900367116,0.0533611039792631,0.0314157366939847,0.0192355187288029,0.0290477981852402,0.120569173703456,0.0318396662634559,0.0420255783397908,0.132994510059667,0.0122298443893693,0.0396314687646605,0.0249294909950207,0.0191530584897531,0.0273893004712048,0.0572307506848506
sample_62,0.019144125802044,0.0176572784828852,0.0107819015067984,0.0319896921934814,0.00884844434774901,0.049770781142004,0.00358503060783095,0.0267893964241695,0.0322090168396811,0.00331375936335438,0.0239494384022507,0.016637566251445,0.0465163002762852,0.0399360848277334,0.0315437688075083,0.0552484689267627,0.0864217252107555,0.426468968809521,0.0133292621864822,0.0558589895912583
sample_63,0.00607813866282972,0.0821971063428788,0.0148522234889075,0.0267672888714988,0.0105158647680553,0.00869645671395835,0.0137715928539337,0.0076392567526342,0.0295675396184891,0.429753742090895,0.020701793768428,0.0275826023342672,0.0321484067907242,0.0353053832040912,0.0986207082740535,0.0564429534278534,0.0331102024178556,0.00455938043639219,0.052954319293836,0.00873503988841863
sample_64,0.0394968990236379,0.0216819717489442,0.0230660967388455,0.0169739776511223,0.0758013874890112,0.0387569547113718,0.0236233917821949,0.0288293513044598,0.0345021548592067,0.0949333273491058,0.0109424440549476,0.0663765130787364,0.0384718282336878,0.0818973853892673,0.0252246974771843,0.0223239642599419,0.0482681992811819,0.100927306596677,0.117591245863348,0.0903109031071286
sample_65,0.0161557248032104,0.0127202839345691,0.0350497655362286,0.00583737424697238,0.00173907778443615,0.00942852875584062,0.00866718431388414,0.0958680394916198,0.0142550744107427,0.207352007089964,0.115502784234773,0.0515781378626657,0.0266563152376891,0.100755863431589,0.0448001984210935,0.0946867272848555,0.00449469310392102,0.0321636756180306,0.0644560700498403,0.0578324743880746
sample_66,0.273535519378058,0.059862716054292,0.0121849874491955,0.005970514543203,0.00492753571303877,0.0501926433686996,0.0163935091263578,0.0530613236464012,0.0676106802897051,0.0353431355987145,0.00554992113904833,0.0632217198663282,0.00457147827899551,0.0186333618998886,0.129496118333975,0.0260101452885906,0.0555816774408319,0.0146254930272684,0.0284772080008992,0.0747503115565092
sample_67,0.0198063778884742,0.00918650559736044,0.0171932440672928,0.0404455708519626,0.198867683440462,0.0325168219854945,0.0219718008488362,0.0116070186076558,0.104971293292751,0.0216673437362579,0.0227861026485963,0.0123943282029651,0.00343935157586086,0.336073765447954,0.00383259474748561,0.023214849696788,0.0141485336167553,0.0141673134065772,0.0611251766168806,0.0305843237235895
sample_68,0.00716658872429386,0.0375438747970786,0.210085398311893,0.122875615772635,0.0380150742136688,0.0140270727247363,0.0411538658339834,0.0483637495215119,0.11629919906334,0.026685701564224,0.0255179810085586,0.101845387724995,0.0186466823798275,0.0176221678563587,0.0195241091884674,0.0102572900250136,0.0311940119070562,0.0313143578601902,0.0193549887165245,0.0625068828056429
sample_69,0.0233064133791949,0.0513887895276515,0.0663302413294717,0.0312317936882388,0.00792189372672432,0.0322694949012698,0.0022373893501374,0.0303571239047794,0.0753981019467031,0.0350980847311108,0.0464077072685093,0.00553682032061578,0.151484341685235,0.0144670156493011,0.0424046386782207,0.0153389373655761,0.0665983254100379,0.176961239232413,0.0120986351375547,0.113163012767254
sample_70,0.00510808823121028,0.00408340008680766,0.0131630990619001,0.00337895404309987,0.0188589574085397,0.0126609875093695,0.0325421202674687,0.0807269748238114,0.116069279861679,0.0266652261554432,0.0117511075459723,0.15011124289977,0.0311307024694267,0.069811308895381,0.0166649584963627,0.0687148776267902,0.0619430143157824,0.0803216029534224,0.0153551865714132,0.18093891077635
sample_71,0.0665655836703615,0.00458510519578701,0.0861903225667071,0.00909731319850415,0.0106025810331584,0.0254025939970624,0.00559341974984041,0.0339916867261513,0.113344383302445,0.00970445235210205,0.0685762031038221,0.131700566263333,0.0300343420185922,0.0703894209963539,0.101077588047301,0.00855186947349225,0.0281553941698466,0.0341193165679952,0.0403531491341383,0.121964708433007
sample_72,0.0637470334209132,0.0645375898603225,0.00760105453362201,0.0147809380884835,0.088171052604222,0.0876181664239358,0.0381646726811246,0.0294159036878999,0.00884266840003439,0.136804876882443,0.0314992215188351,0.0232093514996497,0.0786940664625856,0.0141285953243103,0.0349015986165891,0.0434213717891418,0.0410895207938361,0.0508106631742851,0.0925010458968791,0.0500606083408874
sample_73,0.102735425858578,0.108272740995833,0.0290492384437999,0.208292890881643,0.046677505150023,0.0186195990441509,0.0585664648104284,0.0609517623033482,0.0480724479893029,0.0719826463720401,0.0227980895322849,0.0172454534789196,0.0292795991433354,0.0403928775879851,0.00361211291807419,0.0160215091240228,0.00591314431796957,0.0200568937683002,0.0756359500336468,0.0158236482463139
sample_74,0.0174394146637829,0.0194981304898748,0.00827840720288931,0.225760233210911,0.0106469314477499,0.0182408746941166,0.382359505891087,0.025224197930261,0.0421139519234945,0.0135654895689569,0.0148076726380701,0.030681566913444,0.008074475952373,0.0372693680403322,0.0122699304329339,0.0488653038612277,0.00303120668709087,0.0315526232477376,0.03838064343041,0.0119400717732561
sample_75,0.0239275345231169,0.0110517715167182,0.0163039646819688,0.0294391555660471,0.0169518404370444,0.0282800754189396,0.0534726645757916,0.117932743708703,0.0377188198190644,0.0880950742789578,0.0108508506575151,0.255618903101792,0.0168546280629297,0.0259763852327558,0.020708597673395,0.0443226890712869,0.0221411326331867,0.0644659734385288,0.0906581726402301,0.0252290229620284
sample_76,0.0179354284393139,0.14143753607714,0.0619535215722319,0.123962643234096,0.0103183576306587,0.0542311060088781,0.0829950437527098,0.0855447309858497,0.00963495044570944,0.0173996012420793,0.0130765630467096,0.0271548752470664,0.195400055740948,0.023046382766783,0.0257031874183702,0.029276084560831,0.00740627585984561,0.014304224717224,0.0393914576203135,0.0198279736332412
sample_77,0.107356821350457,0.0410073735129026,0.0076706493659044,0.0557401537910684,0.225631456864412,0.0110695139581134,0.0273259792756556,0.0402270943705071,0.0127662892526037,0.0389360283197818,0.0218430202351526,0.0556649346192204,0.0121018385741434,0.00787183178112161,0.0102167591708085,0.0919015019632571,0.052550256080589,0.0175234289535989,0.0306950531996138,0.131900015361088
sample_78,0.0656745612852214,0.0215638908634773,0.00263190028186476,0.0195426554863205,0.0233050303424041,0.119758586358399,0.0773197069113772,0.0284210085483293,0.0207876615262248,0.10950991592859,0.0746925509431685,0.0452720666971577,0.0693364587454527,0.0210439081192869,0.110096993962223,0.0189211597861171,0.102115065591421,0.0475920157307653,0.0053796294232783,0.0170352334689218
sample_79,0.0081001276269403,0.0346764824105929,0.0626012146652754,0.0387232880502223,0.0153259955398435,0.0848859464677291,0.11601286527672,0.106441350763585,0.0768948617653725,0.0123352521811048,0.00541838306187713,0.0205457853490174,0.0231709787931832,0.0293968942909179,0.00368907478158843,0.00946959888286651,0.0677304274095565,0.0469430618584091,0.200909681933586,0.0367287288916115
sample_80,0.0140228160009139,0.0372911258014178,0.0309738235175691,0.0801410247122028,0.078019750881455,0.0204695732756399,0.0999155742879166,0.032340417513008,0.0769662026932651,0.107159060184851,0.00773609367168541,0.0443610058703568,0.0144014181844232,0.0192603943971144,0.0803897805838541,0.0193772547261836,0.13046235513593,0.0555545349095424,0.0337284257732257,0.0174293678794454
sample_81,0.0441395688085208,0.0267390425200625,0.0197532218098985,0.0231042379902295,0.334542005994578,0.126273808515275,0.073463111660101,0.021540603904705,0.00461176181224921,0.0277108123248749,0.0415307842299342,0.0536972435759132,0.018341936585541,0.0088860223342988,0.0695889510692786,0.0265579651044261,0.0144316607136807,0.0388498522263163,0.0215664459054872,0.00467096291462919
sample_82,0.0119107464706739,0.0738556857455189,0.0248024511508283,0.0603743818728398,0.0433539443057617,0.0189723566491629,0.0512738737479706,0.0231261253958754,0.046265581797804,0.111211504622815,0.0358114697577794,0.014283283442942,0.0155301518862637,0.00905592723335267,0.0876442821507191,0.017724702200506,0.0112283305739755,0.156874194858403,0.156553331835834,0.0301476743009748
sample_83,0.0277887682543892,0.0422133505926734,0.0198973313378464,0.0338585879993668,0.0212107751131944,0.0370787587649381,0.0429296720848152,0.0250754400226989,0.0840150419696724,0.176865793978917,0.057808652345529,0.0276092750816647,0.0684646723931104,0.0540059482142666,0.010225461156691,0.0782244151799097,0.0262600410299817,0.0109781957041415,0.00959404648496465,0.145895772291229
sample_84,0.0258495824047686,0.073104577702538,0.0451601588360431,0.0344143046383892,0.0490045635768356,0.132336176074796,0.0667732583042688,0.0206003918866179,0.0119641273350863,0.0270696976064973,0.0133583883900422,0.0354742355606159,0.144876699674846,0.0171181864434192,0.134844948911278,0.0320592910347123,0.00899353831339603,0.0702008249899781,0.0320558181444984,0.0247412301713728
sample_85,0.0195083699391194,0.0160609692838042,0.176778372791327,0.0786486443327346,0.0339608055136111,0.0336818227223459,0.013441321287226,0.0572154497545487,0.0139556534020558,0.0232550845271114,0.0167321717216586,0.0366139446011371,0.118579647100531,0.0702518733079243,0.0339486420995514,0.0461322524295573,0.134058321149217,0.0171920538281504,0.0205011446920183,0.0394834555163705
sample_86,0.0160498673502164,0.160947883372126,0.0817452415082322,0.0812520854036485,0.0944879289699522,0.0194004704869052,0.0101114774208949,0.0141885291662585,0.0114424995171948,0.00943041563890773,0.0333548212019009,0.0602065595535698,0.115244781290734,0.00319442634526548,0.0967191722900679,0.0415934595636757,0.0313266587467744,0.0949083292233355,0.0123746543387226,0.012020738611618
sample_87,0.193956262241767,0.0360071695882884,0.120317834067546,0.0205521611433615,0.0104116263911061,0.0326889466578325,0.0712983772698882,0.0227770628898185,0.0364639463959654,0.028139053010809,0.0331421907440282,0.0104141167829623,0.0943878544481223,0.10515648541469,0.0150426886170252,0.0166297556502941,0.0273701905852635,0.0427802035974936,0.0166267527464823,0.0658373217572555
sample_88,0.062227275114018,0.129164757977768,0.0597740021414124,0.0801771443877988,0.0240848624067483,0.0135179729709303,0.0109512713695473,0.0190340316992274,0.0208875352277962,0.100837284534952,0.0199852011435345,0.00857258404963505,0.0168521203515597,0.00373819072772287,0.0210915216603186,0.182170564343806,0.0277920311995108,0.0898985811495188,0.0231283999624092,0.0861146675817869
sample_89,0.0645950687768924,0.00542420346495641,0.0166034823525707,0.0127334110560214,0.0674029520816433,0.0342570896961082,0.0772598481699577,0.03770309620702,0.0156845457275536,0.0321144025232656,0.411198772810494,0.0335383240442338,0.0205765193548931,0.0468656888157956,0.0169551959401609,0.00595285243184642,0.0426366212515699,0.021857371714689,0.0219452686192862,0.0146952849610418
sample_90,0.0123030078738656,0.0174351634233317,0.0707178843715028,0.00952347811411434,0.037385709759032,0.0407270336107275,0.0273298034926629,0.0406189609473627,0.0129099123562044,0.0113480030595342,0.135394294677483,0.0143934840617231,0.0150429757786795,0.0992868739557053,0.0209247182500582,0.184921211129133,0.146376616302899,0.0346089452072926,0.0317621239008084,0.03698979972788
sample_91,0.0320287877889475,0.0145317211028903,0.0582457379233814,0.0527206400222093,0.0158448558988252,0.0416947456935187,0.00877247745733949,0.0220681005016002,0.0232278973969719,0.00892152730769318,0.0433124171673469,0.0220051912548853,0.0630901223903451,0.0287146474464924,0.0547664994762606,0.0415151464040402,0.327559345574785,0.0204286061111215,0.0727149075861304,0.0478366254952159
sample_92,0.0451467336675121,0.0620968679236688,0.0350720230578823,0.0395430398548457,0.0254124381792104,0.0473326312871403,0.0368327697296969,0.0690490251240387,0.298203634065387,0.0221701107630149,0.0318061454477986,0.0180236407832135,0.0118450508763915,0.0401653254577779,0.0153601640208766,0.0494519974584154,0.0902963110208668,0.0315607187452728,0.0255894160970233,0.00504195643996616
sample_93,0.0246970591309151,0.0617562912198617,0.0261638070058529,0.0634200305553223,0.0267468722051136,0.0214032429073715,0.0312674005413932,0.0906648335877073,0.0961252811013794,0.112226750007481,0.0203595618875423,0.0805821044261729,0.0628389234076944,0.0109148440356289,0.0215615621404368,0.0766502545968102,0.0682237477864567,0.0226682171555449,0.0228280480512375,0.0589011682500778
sample_94,0.0316926316149252,0.020810133703691,0.0226132465113546,0.00803898968667365,0.0256929031635284,0.0148654357582442,0.150622726166638,0.0463823352755144,0.0426658344182146,0.00900509921753689,0.0154623259040337,0.0340716519209141,0.11844757529909,0.013010516264502,0.0089800718679085,0.204937276418292,0.0133091503025833,0.17096834867336,0.0285906680003747,0.01983307983262
sample_95,0.212068165657586,0.00930924152322064,0.0142690056749095,0.0227163264358278,0.0540586220065364,0.0167699291522689,0.0215334702336731,0.00503889791211691,0.0893470954549075,0.0177985958365748,0.0571093020269155,0.0276093558308875,0.00295780040497909,0.0210202954538116,0.131729666491263,0.110307392463283,0.0628994833163602,0.0267439152687287,0.055492094769258,0.0412213440868932
sample_96,0.0154263353604782,0.131493358811374,0.0509895851534698,0.029177392172832,0.119577539886984,0.00881216109228833,0.0656708978376587,0.10332814016388,0.0348939584567398,0.0159674245516418,0.0106556729694647,0.0361463731208392,0.0682882822343361,0.0320821956577379,0.0103454022552713,0.0325102917541714,0.0205582346655976,0.0274492779588345,0.0679051287352603,0.118722347161141
sample_97,0.0159620114085749,0.0229117970989581,0.0426147762794707,0.325606486795455,0.0139827051623428,0.00382958928574667,0.0878844649640643,0.0108924139108227,0.0994404233218837,0.0401845829875401,0.0033546101596087,0.0132478283679498,0.0607244282627147,0.0533640072164801,0.0444747769967897,0.0290753783267008,0.0204386799378595,0.0608724371915721,0.0186761025802559,0.0324624997452095
sample_98,0.0456715484981296,0.0199342478336616,0.0386511645260067,0.00827407824598583,0.0481085293914539,0.133760310537162,0.0299273284522992,0.262563396555732,0.0250558562547217,0.0508853610106951,0.00866961693659811,0.0916870755173319,0.0225056288891462,0.0225524019858768,0.0210384957823674,0.0162046840245729,0.0233004969754154,0.0230701849487569,0.0931192699245765,0.0150203237095099
sample_99,0.0049838250703315,0.0585682593667459,0.01318589423442,0.0647814947605896,0.0289471482393293,0.11134197884722,0.0182301817190355,0.128799685670544,0.0789708781959552,0.0154300599022931,0.0518601561666676,0.160475581016618,0.00361585488271061,0.0174823106497983,0.00974980454470319,0.0169686094780269,0.00120091242830212,0.0684725296135032,0.0283363249618566,0.11859851025135
sample_100,0.0625217941405444,0.0697216426005957,0.00879422920782423,0.0444494222678964,0.0958057145018801,0.00988790612261697,0.0212393856450992,0.0300581066020656,0.144060795776242,0.0234148489218849,0.0907496636557015,0.00758640812825579,0.0553102979574447,0.0229212629414176,0.0227456112305226,0.0241080083824949,0.0273872696774387,0.0319686882138845,0.147940146810196,0.0593287972159942
